0  20
10  20.5
20  21
30  21.5
40  22
50  22.5
60  23
70  23.5
80  24
90  24.5
100  25
110  25.5
120  26
130  26
140  26
150  26
160  26
170  26
180  26
190  26
200  26
210  26
220  26
230  26
240  26
250  26
260  26
270  26
280  26
290  26
300  26
310  26
320  26
330  26
340  26
350  26
360  26


0  100
10  90.0625
20  81.4297
30  73.9385
40  67.4462
50  61.8279
60  56.9744
70  52.7901
80  49.1913
90  46.1049
100  43.4668
110  41.221
120  39.3183
130  37.6535
140  36.1969
150  34.9222
160  33.807
170  32.8311
180  31.9772
190  31.2301
200  30.5763
210  30.0043
220  29.5037
230  29.0658
240  28.6825
250  28.3472
260  28.0538
270  27.7971
280  27.5725
290  27.3759
300  27.2039
310  27.0534
320  26.9217
330  26.8065
340  26.7057
350  26.6175
360  26.5403
