0  91.4545
2  89.7404
4  88.0686
6  86.438
8  84.8477
10  83.2966
12  81.7838
14  80.3083
16  78.8693
18  77.4657
20  76.0968
22  74.7617
24  73.4596
26  72.1896
28  70.9509
30  69.7428
32  68.5645
34  67.4153
36  66.2944
38  65.2012
40  64.135
42  63.0951
44  62.0809
46  61.0917
48  60.1269
50  59.186
52  58.2682
54  57.3731
56  56.5001
58  55.6486
60  54.8182
62  54.0082
64  53.2183
66  52.4478
68  51.6964
70  50.9634
72  50.2486
74  49.5515
76  48.8715
78  48.2083
80  47.5615
82  46.9306
84  46.3153
86  45.7152
88  45.1299
90  44.5591
92  44.0023
94  43.4593
96  42.9297
98  42.4132
100  41.9094
102  41.418
104  40.9388
106  40.4713
108  40.0155
110  39.5709
112  39.1372
114  38.7143
116  38.3017
118  37.8994
120  37.507


0  100
2  98.075
4  96.1974
6  94.3662
8  92.5802
10  90.8383
10  83.1257
12  81.6172
14  80.1458
16  78.7108
18  77.3111
20  75.9461
22  74.6147
24  73.3162
26  72.0497
28  70.8144
30  69.6097
32  68.4347
34  67.2887
36  66.171
38  65.0808
40  64.0176
42  62.9806
44  61.9692
46  60.9828
48  60.0207
50  59.0823
52  58.1671
54  57.2745
56  56.4039
58  55.5548
60  54.7267
62  53.919
64  53.1313
66  52.3629
68  51.6136
70  50.8827
72  50.1699
74  49.4747
76  48.7966
78  48.1352
80  47.4902
82  46.8611
84  46.2476
86  45.6491
88  45.0655
90  44.4962
92  43.941
94  43.3995
96  42.8714
98  42.3563
100  41.8539
102  41.3639
104  40.886
106  40.4199
108  39.9653
110  39.5219
112  39.0894
114  38.6677
116  38.2563
118  37.8551
120  37.4638


0  100
2  98.075
4  96.1974
6  94.3662
8  92.5802
10  90.8383
12  89.1394
14  87.4824
16  85.8663
18  84.2901
20  82.7527
22  81.2534
24  79.791
26  78.3647
28  76.9736
30  75.6169
30  69.2881
32  68.121
34  66.9827
36  65.8726
38  64.7898
40  63.7337
42  62.7037
44  61.6992
46  60.7194
48  59.7638
50  58.8318
52  57.9228
54  57.0362
56  56.1715
58  55.3282
60  54.5056
62  53.7034
64  52.921
66  52.1578
68  51.4135
70  50.6876
72  49.9796
74  49.2891
76  48.6156
78  47.9587
80  47.318
82  46.6932
84  46.0838
86  45.4894
88  44.9096
90  44.3442
92  43.7928
94  43.2549
96  42.7304
98  42.2187
100  41.7197
102  41.2331
104  40.7584
106  40.2954
108  39.8439
110  39.4035
112  38.974
114  38.5551
116  38.1465
118  37.748
120  37.3593


0  100
2  98.075
4  96.1974
6  94.3662
8  92.5802
10  90.8383
12  89.1394
14  87.4824
16  85.8663
18  84.2901
20  82.7527
22  81.2534
24  79.791
26  78.3647
28  76.9736
30  75.6169
32  74.2936
34  73.003
36  71.7443
38  70.5166
40  69.3192
40  63.5629
42  62.5371
44  61.5367
46  60.5609
48  59.6092
50  58.681
52  57.7757
54  56.8928
56  56.0316
58  55.1917
60  54.3726
62  53.5736
64  52.7944
66  52.0344
68  51.2931
70  50.5702
72  49.865
74  49.1773
76  48.5066
78  47.8524
80  47.2144
82  46.5921
84  45.9852
86  45.3932
88  44.8159
90  44.2528
92  43.7036
94  43.1679
96  42.6455
98  42.136
100  41.639
102  41.1543
104  40.6816
106  40.2205
108  39.7708
110  39.3323
112  38.9045
114  38.4873
116  38.0804
118  37.6835
120  37.2965


0  100
2  98.075
4  96.1974
6  94.3662
8  92.5802
10  90.8383
12  89.1394
14  87.4824
16  85.8663
18  84.2901
20  82.7527
22  81.2534
24  79.791
26  78.3647
28  76.9736
30  75.6169
32  74.2936
34  73.003
36  71.7443
38  70.5166
40  69.3192
42  68.1513
44  67.0123
46  65.9014
48  64.8179
50  63.7612
50  58.5102
52  57.6091
54  56.7303
56  55.8731
58  55.0371
60  54.2218
62  53.4265
64  52.6509
66  51.8945
68  51.1567
70  50.4371
72  49.7353
74  49.0508
76  48.3831
78  47.732
80  47.0969
82  46.4776
84  45.8734
86  45.2842
88  44.7096
90  44.1491
92  43.6025
94  43.0693
96  42.5493
98  42.0422
100  41.5475
102  41.0651
104  40.5946
106  40.1357
108  39.6881
110  39.2515
112  38.8258
114  38.4105
116  38.0055
118  37.6105
120  37.2252


0  100
2  98.075
4  96.1974
6  94.3662
8  92.5802
10  90.8383
12  89.1394
14  87.4824
16  85.8663
18  84.2901
20  82.7527
22  81.2534
24  79.791
26  78.3647
28  76.9736
30  75.6169
32  74.2936
34  73.003
36  71.7443
38  70.5166
40  69.3192
42  68.1513
44  67.0123
46  65.9014
48  64.8179
50  63.7612
52  62.7305
54  61.7253
56  60.7449
58  59.7886
60  58.856
62  57.9464
64  57.0593
66  56.194
68  55.3501
70  54.527
72  53.7242
74  52.9413
76  52.1777
78  51.4329
80  50.7065
80  46.6422
82  46.0341
84  45.4409
86  44.8624
88  44.2981
90  43.7478
92  43.2111
94  42.6876
96  42.177
98  41.6791
100  41.1934
102  40.7197
104  40.2577
106  39.8071
108  39.3676
110  38.939
112  38.5209
114  38.1132
116  37.7155
118  37.3277
120  36.9494


