0  100
2  98.0985
4  96.2434
6  94.4335
8  92.6677
10  90.945
12  89.2642
14  87.6245
16  86.0247
18  84.4639
20  82.9412
22  81.4555
24  80.0061
26  78.5921
28  77.2125
30  75.8665
32  74.5533
34  73.2722
36  72.0223
38  70.8029
40  69.6131
40  63.8301
42  62.8104
44  61.8155
46  60.8449
48  59.8979
50  58.9741
52  58.0727
54  57.1933
56  56.3354
58  55.4984
60  54.6818
62  53.885
64  53.1077
66  52.3494
68  51.6095
70  50.8877
72  50.1835
74  49.4964
76  48.8261
78  48.1722
80  47.5342
82  46.9117
84  46.3044
86  45.7119
88  45.1338
90  44.5699
92  44.0197
94  43.4829
96  42.9592
98  42.4482
100  41.9498
102  41.4634
104  40.9889
106  40.526
108  40.0744
110  39.6338
112  39.2039
114  38.7845
116  38.3753
118  37.9761
120  37.5867


0  100
40  61.4992
40  56.4538
80  39.4474
120  30.8354


0  100
20  80.7496
40  66.2502
40  60.7729
60  51.2038
80  43.9963
100  38.5676
120  34.4787


0  100
10  90.3748
20  81.9373
30  74.5411
40  68.0575
40  62.4159
50  57.4286
60  53.0567
70  49.2243
80  45.8648
90  42.9199
100  40.3384
110  38.0754
120  36.0917


0  100
5  95.1874
10  90.6717
15  86.4347
20  82.4591
25  78.7287
30  75.2286
35  71.9444
40  68.8628
40  63.148
45  60.6092
50  58.227
55  55.9918
60  53.8945
65  51.9266
70  50.0801
75  48.3476
80  46.7219
85  45.1966
90  43.7654
95  42.4224
100  41.1624
105  39.9801
110  38.8707
115  37.8298
120  36.8531


